title
locus1, locus2, locus3, locus4, locus5, locus6, locus7
pop
p1_i1_____, 168168 098112 279283 193193 150158 150154 170196
p1_i2_____, 164170 098117 281283 193195 160160 148148 168170
p1_i3_____, 166168 088112 281283 183193 158158 146150 162184
p1_i4_____, 162168 088112 269281 193193 156166 146148 162170
p1_i5_____, 164170 112118 269283 193204 150158 148166 164182
p1_i6_____, 162166 112118 281283 187193 156160 162166 166166
p1_i7_____, 166170 112112 283283 193193 158158 148166 164170
p1_i8_____, 164166 098098 283283 195197 154160 148158 182182
p1_i9_____, 166174 098112 283285 193193 156160 146172 166166
p1_i10____, 166170 098112 279283 193195 150158 154166 162182
p1_i11____, 166168 112117 279281 183193 156160 148152 162182
p1_i12____, 166170 098113 281281 193193 156160 146162 160166
p1_i13____, 168168 112123 279279 193195 150160 146148 156164
p1_i14____, 166168 112112 279281 183199 158162 146166 166166
p1_i15____, 164168 112112 269285 193193 156158 150166 162164
p1_i16____, 162168 118118 269283 193199 154160 148154 166166
p1_i17____, 164170 112118 283283 193209 000000 000000 000000
p1_i18____, 164170 098122 281283 193195 156160 146154 160182
p1_i19____, 164168 112112 281283 191197 154160 150164 162162
pop
p2_i1_____, 168168 112112 283283 197197 150158 162182 162172
p2_i2_____, 162168 122123 283283 187201 154156 146152 166182
p2_i3_____, 168168 112117 283283 193199 156160 146162 162176
p2_i4_____, 162168 112121 269289 193197 156158 146166 164164
pop
p3_i1_____, 162166 112118 283283 187193 158168 156156 162190
p3_i2_____, 166170 112112 279283 193193 158158 146164 166194
p3_i3_____, 162168 112118 268281 193199 000000 000000 000000
p3_i4_____, 164168 098098 277281 193199 150156 164164 160212
p3_i5_____, 166170 112112 283283 193197 150162 156156 194198
p3_i6_____, 164166 112112 279280 193195 154154 156166 168194
p3_i7_____, 166166 112112 277279 183193 160162 156162 160194
p3_i8_____, 162168 112112 281283 195205 148148 156156 164164
pop
p4_i1_____, 168168 112112 279280 183195 156166 158158 162190
p4_i2_____, 166168 118118 268280 183183 146158 156156 178208
pop
p5_i1_____, 168168 112123 281283 191195 156158 150162 182196
p5_i2_____, 166170 113113 269283 193193 156168 146162 182196
p5_i3_____, 166170 112112 283283 195199 154168 146156 164192
p11_i1____, 166168 112116 269283 199201 150158 146158 176192
p11_i2____, 162164 112130 287287 193226 150160 146170 162194
p11_i3____, 162164 112130 287287 193226 150160 146170 162194
p11_i4____, 166168 121130 269283 197199 154158 146162 162172
pop
p6_i1_____, 150166 098112 269283 183195 154158 136168 176182
p6_i2_____, 166170 113116 283283 197228 150160 150184 170198
p6_i3_____, 150168 112112 283287 183197 154160 148170 170172
p6_i4_____, 162168 117123 283283 193205 150160 160166 162182
p6_i5_____, 166168 112112 269283 193193 156162 148150 162178
p6_i6_____, 162168 112112 283283 193193 150158 146154 162166
p6_i7_____, 168168 112116 281285 193199 000000 000000 000000
p6_i8_____, 166168 112112 283287 193193 160162 150188 172182
p6_i9_____, 168170 117117 277283 193197 154154 146160 164176
p6_i10____, 166168 112112 283283 193195 158160 148154 184184
pop
p7_i1_____, 168170 116116 269283 193201 154164 146172 162182
p7_i2_____, 166168 112116 283283 193199 156158 148166 162184
p7_i3_____, 166168 112112 281283 193195 156160 156176 162162
p7_i4_____, 168170 112116 283283 199199 154158 146166 182182
p7_i5_____, 166168 112121 283283 183207 000000 000000 000000
p7_i6_____, 166166 112121 283283 193207 150158 146160 162164
p7_i7_____, 162168 112123 283283 179183 154170 146164 162162
p7_i8_____, 168168 113113 281283 193207 150168 146150 176176
pop
p8_i1_____, 162168 112118 269281 193199 150168 146162 164182
p8_i2_____, 168168 112118 281283 193199 156168 162166 162164
p8_i3_____, 168168 112118 281283 193199 156168 162162 164164
p8_i4_____, 162168 112118 269281 193199 150168 146162 164182
p8_i5_____, 166168 112118 269281 193199 154160 146162 182182
p8_i6_____, 162162 118118 269283 193193 156168 146146 162182
p8_i7_____, 168168 112116 279283 193193 000000 000000 000000
p8_i8_____, 162168 112118 269281 193199 150160 162166 164182
p8_i9_____, 168168 112118 281283 193199 154166 146166 162182
pop
p9_i1_____, 162168 105129 281281 193197 154154 146160 162162
p9_i2_____, 166168 103112 281281 183195 156156 162162 162162
p9_i3_____, 162162 112112 281283 191195 156158 150166 162162
p9_i4_____, 172172 112122 269277 199199 156158 156170 156162
p9_i5_____, 162172 110122 279281 183193 156158 146146 164164
p9_i6_____, 162168 112112 279279 000000 164164 166166 170176
pop
p10_i1____, 150162 112112 281283 193207 158158 146162 162184
p10_i2____, 150164 115120 283283 193197 000000 000000 000000
p10_i3____, 150166 120129 279281 183183 150158 150150 162162
p10_i4____, 168170 112123 279279 193199 148156 150154 162196
p10_i5____, 162166 112112 279283 195195 154156 150160 182184
p10_i6____, 150162 114120 283283 193193 158158 146162 162164
p10_i7____, 150170 112116 279281 193193 142158 146146 162162
pop
p12_i1____, 166168 112112 283283 183193 000000 000000 000000
p12_i2____, 000000 111113 283283 193193 156156 148166 162172
p12_i3____, 000000 000000 000000 000000 156158 146148 192196
p12_i4____, 000000 112112 269279 195195 154156 146156 182184
p12_i5____, 168168 112112 269283 183193 154156 146146 162164
p12_i6____, 000000 112116 283283 195195 000000 000000 000000
p12_i7____, 168168 112112 269281 197211 154156 150166 184196
p12_i8____, 166170 112130 283287 183193 000000 000000 000000
p12_i9____, 166170 112116 283283 193195 150154 146148 162162
p12_i10___, 168170 112123 277281 195230 150158 146166 156162
p12_i11___, 162168 112118 279283 193197 154158 146166 164182
p12_i12___, 168168 116123 281283 197197 150168 162166 162192
p12_i13___, 162162 112112 269283 193197 140154 134138 140140
pop
p13_i1____, 168168 112112 268268 183197 000000 000000 000000
p13_i2____, 000000 000000 000000 000000 150158 146152 162162
p13_i3____, 150166 116118 283283 193226 000000 000000 000000
p13_i4____, 166168 112117 269279 195199 000000 000000 000000
p13_i5____, 168170 112116 279281 193195 160168 146158 162182
p13_i6____, 162168 112118 283283 195228 158160 148160 182182
p13_i7____, 168168 112122 283283 193195 154158 148162 166170
p13_i8____, 164166 112125 277283 183193 000000 000000 000000
p13_i9____, 162170 112120 283287 193195 150158 150156 160184
p13_i10___, 168168 112112 277279 193193 150158 150166 162162
pop
p14_i1____, 166166 116116 268268 193197 156160 146148 170170
p14_i2____, 164168 098111 283287 179199 150160 148148 168182
p14_i3____, 162166 112114 268280 183195 158166 146150 154168
p14_i4____, 162166 112122 281281 177193 000000 000000 000000
p14_i5____, 166168 112116 269279 193193 000000 000000 000000
p14_i6____, 000000 000000 000000 000000 146160 148170 170194
p14_i7____, 162168 098098 279287 183193 154158 146148 162182
p14_i8____, 166170 112112 283285 195195 160164 146164 182182
p14_i9____, 170170 112130 268283 195197 158158 146154 182182
p14_i10___, 164168 112116 279287 183193 156158 146150 182198
p14_i11___, 166168 098112 279283 193199 000000 000000 000000
p14_i12___, 168170 112130 279287 193195 000000 000000 000000
p14_i13___, 166168 112122 279283 194198 000000 000000 000000
pop
p15_i1____, 166166 113113 283287 193193 154154 146164 162164
p15_i2____, 164168 112112 283283 191195 154156 158162 164182
pop
p16_i1____, 166170 112112 283283 193195 154154 146162 162162
p16_i2____, 000000 000000 000000 000000 154154 150162 162162
p16_i3____, 166168 111120 277283 197199 154156 158166 162182
p16_i4____, 168168 098114 277283 195201 154162 154170 162162
p16_i5____, 162168 098123 283285 193193 154156 146154 162168
p16_i6____, 000000 000000 000000 000000 154154 148150 166166
pop
p17_i1____, 166168 112112 281281 183199 154160 146162 156162
p17_i2____, 166170 098112 268283 193193 154154 146162 164182
p17_i3____, 162170 112112 279287 183195 154154 148150 172184
p17_i4____, 164166 112123 281283 195195 000000 000000 000000
p17_i5____, 168170 112123 279279 195199 154160 146148 182182
p17_i6____, 168170 112116 268269 193230 154154 146148 182182
p17_i7____, 162168 112112 281283 193195 154154 146180 162162
p17_i8____, 168170 098116 268283 193201 154160 146162 164170
pop
p18_i1____, 000000 000000 000000 000000 156162 146146 162182
p18_i2____, 000000 000000 000000 000000 154154 146146 162182
p18_i3____, 000000 000000 000000 000000 156160 148176 168182
p18_i4____, 168170 112130 279285 193194 000000 000000 000000
p18_i5____, 168170 112130 269279 195197 154156 146150 162164
p18_i6____, 166168 112112 281287 179191 154158 162162 160162
p18_i7____, 166170 112116 283283 193195 154154 148150 182182
p18_i8____, 162170 112112 279283 191193 148154 148148 162162
p18_i9____, 166168 112112 279283 195196 154154 150150 160162
p18_i10___, 162166 112112 281283 183199 154156 148162 166174
p18_i11___, 166168 112112 269283 183201 150150 154164 182182
p18_i12___, 162164 113113 268268 183184 150154 146150 162196
p18_i13___, 162170 112116 283287 193193 154164 146150 182182
p18_i14___, 150166 112112 283283 183199 154156 150158 188194
p18_i15___, 162166 116118 269279 193195 144154 146146 164182
p18_i16___, 162170 113113 268281 193193 156158 146150 162182
p18_i17___, 150170 098133 283283 191199 154154 146168 182184
p18_i18___, 000000 000000 000000 000000 154162 146162 166166
p18_i19___, 168170 112130 283283 193226 000000 000000 000000
p18_i20___, 162166 112130 268283 193195 154156 150152 166166
p18_i21___, 164170 123123 269283 197197 154154 146170 160192
pop
p19_i1____, 162162 118123 269283 191197 154154 164182 162182
p19_i2____, 162168 112112 268283 179195 154160 150150 162164
p19_i3____, 168170 112116 268283 195195 154156 144148 162182
p19_i4____, 164166 112117 283283 193199 154156 146150 162172
p19_i5____, 168170 098116 268283 193201 000000 000000 000000
p19_i6____, 168170 112117 269281 191195 154160 150164 162172
p19_i7____, 168170 088112 285287 195201 154154 146148 162172
p19_i8____, 168170 098120 268283 195197 154154 148182 178182
pop
p20_i1____, 162170 112124 273277 193193 154164 146148 194198
p20_i2____, 162168 124124 273283 193193 154154 154162 182218
p20_i3____, 162168 113126 277283 193193 156172 148148 182182
pop
p21_i1____, 168170 110112 283283 193205 156160 146162 162184
p21_i2____, 168170 112121 279283 193195 154158 154162 182184
p21_i3____, 150150 118122 279281 193203 154158 146160 162182
p21_i4____, 162166 112122 283283 183193 158160 146148 164166
p21_i5____, 168170 112112 283287 193195 158158 146154 162166
p21_i6____, 162170 112112 269283 195197 150156 146170 176192
p21_i7____, 168168 112116 279283 193197 158160 150162 172172
p21_i8____, 166166 098123 268285 193193 000000 000000 000000
p21_i9____, 166168 112112 279283 183197 158162 146156 166182
p21_i10___, 168170 110117 283283 183238 000000 000000 000000
p21_i11___, 168168 112118 277281 191195 144158 148162 170194
pop
p22_i1____, 164170 124124 268283 183197 154156 146150 166182
p22_i2____, 168170 112130 279283 195195 156160 146150 170182
p22_i3____, 168168 112112 279281 193235 146156 160160 182182
p22_i4____, 166170 112112 268281 193201 154156 146146 162182
p22_i5____, 166166 088112 269283 183195 156156 146150 160166
p22_i6____, 168168 112117 268268 195199 160160 146150 162162
p22_i7____, 168170 114123 281283 195195 156156 146150 166182
p22_i8____, 168170 112121 281283 195195 156156 146150 166182
p22_i9____, 164166 116118 279283 195195 000000 000000 000000
p22_i10___, 168172 112112 268269 193197 154160 146150 156162
p22_i11___, 000000 000000 000000 000000 154158 150160 162166
pop
p23_i1____, 168168 130130 283283 183195 150156 146162 162176
p23_i2____, 166168 113118 283283 193224 156160 146150 162166
p23_i3____, 168168 112112 268285 183195 156158 164172 162182
p23_i4____, 168168 113123 268277 194195 150154 146170 182182
p23_i5____, 162170 112112 268281 193195 156160 148162 162196
p23_i6____, 164170 113124 283287 183183 156162 148184 156162
p23_i7____, 166168 112112 281283 183195 150158 146154 160172
pop
p24_i1____, 164166 112118 279285 197199 144156 162162 170184
p24_i2____, 162166 098130 279283 183193 150158 150162 178182
p24_i3____, 168170 118118 268283 195230 154158 158170 162182
p24_i4____, 168172 118130 269285 179205 150158 146170 164182
p24_i5____, 166168 112130 279283 195195 154156 150164 182182
p24_i6____, 162164 098112 281283 183197 158160 146146 162182
pop
p25_i1____, 164170 112124 283283 193211 158160 148164 162182
p25_i2____, 162164 118130 279283 193197 150160 148156 182182
p25_i3____, 164170 112112 283283 195211 156156 146146 166182
p25_i4____, 164166 112118 277283 193201 156158 146146 180182
p25_i5____, 162168 112121 268279 201201 158158 146150 178182
p25_i6____, 000000 000000 000000 000000 158162 146170 182182
p25_i7____, 162170 116130 279283 183193 156156 174176 180182
p25_i8____, 168168 116126 268287 193193 154158 146146 162164
p25_i9____, 162164 112124 269289 193201 158158 146164 154162
p25_i10___, 164168 112130 269283 203207 156156 148172 162182
p25_i11___, 168170 112112 283283 195201 154156 152170 162162
p25_i12___, 000000 000000 000000 000000 156158 146146 166192
p25_i13___, 164170 112112 283283 195211 156156 146146 166182
p25_i14___, 162168 114114 279285 193195 156158 148164 180182
pop
p26_i1____, 166168 116122 269281 195244 156156 148170 162166
p26_i2____, 170170 112112 283283 193201 154156 146146 164182
p26_i3____, 166170 112112 283287 195195 000000 000000 000000
p26_i4____, 162166 112112 283287 195199 156160 146150 164172
p26_i5____, 164166 112118 283283 195205 156160 148148 182182
p26_i6____, 166170 113113 277287 193195 154156 154164 182182
p26_i7____, 168170 116118 279283 193197 144156 146164 182182
p26_i8____, 168172 112130 269283 195201 154156 150164 162182
p26_i9____, 168172 118124 268283 193195 150150 146164 182182
p26_i10___, 164168 123123 268283 193230 160160 150162 174180
p26_i11___, 162170 112116 269287 201201 162162 162164 162162
p26_i12___, 164166 112116 269283 195197 154156 156164 178182
p26_i13___, 166174 114118 279283 193193 152158 150152 182182
p26_i14___, 168170 118124 268279 194202 150158 146160 166182
p26_i15___, 162164 112118 283283 193195 148154 158172 182186
p26_i16___, 162168 112116 268283 195230 150158 150162 174182
p26_i17___, 166170 118130 268279 195195 154154 146150 182184
p26_i18___, 164170 112114 283285 193195 000000 000000 000000
p26_i19___, 162166 116118 269279 195201 150158 146156 182182
p26_i20___, 164164 122130 269283 203230 160160 162164 162182
p26_i21___, 168170 123130 269283 197201 154158 150160 182192
p26_i22___, 150166 112130 268283 184198 156156 144162 162186
p26_i23___, 166166 122130 269283 203230 160160 162164 162182
p26_i24___, 170172 112112 279283 183195 150162 146146 164174
p26_i25___, 164174 130130 268268 193209 154156 148152 176182
p26_i26___, 162166 098112 279283 195201 000000 000000 000000
p26_i27___, 170172 124124 268283 193195 150150 146164 182182
pop
p27_i1____, 162168 112112 279279 191199 154174 148172 166182
p27_i2____, 150170 112117 269283 193197 156156 146146 168178
p27_i3____, 162164 116116 268287 193195 154166 146164 162190
p27_i4____, 162162 112112 277283 183193 154156 146162 180182
p27_i5____, 162167 112112 268279 195195 154158 146150 170182
p27_i6____, 162170 112117 269281 183195 154158 146162 176182
p27_i7____, 166168 112112 268285 183209 150160 150162 156182
p27_i8____, 162170 112112 268283 183193 156158 150158 166170
p27_i9____, 166166 116116 268287 195195 158164 156160 182194
p27_i10___, 164168 113113 283283 203205 150158 150170 182216
p27_i11___, 172172 113122 279285 193201 156160 146168 164182
p27_i12___, 166168 117122 283285 195197 156156 146152 162182
p27_i13___, 162170 112112 269281 197201 158158 146170 182196
p27_i14___, 170170 112118 268277 193195 000000 000000 000000
p27_i15___, 150172 113120 279279 197224 156160 150164 182182
pop
p28_i1____, 166168 112112 283283 193214 154156 148150 182182
p28_i2____, 168168 116124 279283 201232 156168 148160 166170
p28_i3____, 164170 112130 279283 201201 150158 150150 170182
p28_i4____, 162164 112122 269283 195195 156156 148154 156182
p28_i5____, 164170 117118 269279 193193 156166 148150 156174
p28_i6____, 166168 128128 280281 183193 000000 000000 000000
p28_i7____, 162166 116124 269279 179197 160160 150156 170174
p28_i8____, 162168 112112 269283 195195 000000 000000 000000
p28_i9____, 168168 112124 277283 179193 150156 146184 162162
p28_i10___, 162166 098118 279283 193195 150154 148148 166182
p28_i11___, 168170 116117 279283 183191 150156 146162 172190
p28_i12___, 168170 112112 269281 195205 156156 158178 182192
p28_i13___, 164170 112118 268283 195195 162166 146150 164190
p28_i14___, 162170 112116 268283 195195 156160 162164 180182
pop
p29_i1____, 154170 124124 279283 201203 154156 144150 166166
p29_i2____, 162168 112116 281281 198202 150156 148158 162182
p29_i3____, 154154 122124 283288 195201 000000 000000 000000
p29_i4____, 000000 000000 000000 000000 156158 148170 170182
p29_i5____, 166166 098130 279283 196196 154162 146168 164182
p29_i6____, 162168 121126 285287 183195 154168 148178 162194
p29_i7____, 000000 000000 000000 000000 154156 146166 176182
p29_i8____, 168170 112116 277279 183195 150156 150150 182182
p29_i9____, 000000 000000 000000 000000 150156 150150 182182
p29_i10___, 166168 112116 279283 196202 154156 150154 164166
p29_i11___, 167169 113117 277287 196196 150156 146164 170182
p29_i12___, 162170 113113 279281 183197 154154 148166 162182
p29_i13___, 000000 000000 000000 000000 156162 162164 182182
p29_i14___, 166166 112112 273283 193195 154162 150158 164182
p29_i15___, 168168 112130 269283 193193 128150 150164 156182
p29_i16___, 000000 000000 000000 000000 152158 150164 162178
p29_i17___, 166170 112121 269279 193195 000000 000000 000000
p29_i18___, 150162 112112 279283 183195 154154 160164 162164
p29_i19___, 000000 112118 269283 193195 156156 146150 182194
p29_i20___, 162168 112123 269281 183191 154156 154162 182194
p29_i21___, 000000 112116 279279 193193 150154 150160 178194
p29_i22___, 162168 112117 283283 179195 154154 146162 182182
p29_i23___, 000000 000000 000000 000000 144162 146156 182194
p29_i24___, 000000 110112 268283 000000 150154 148170 178182
p29_i25___, 000000 112124 268283 199201 150156 136148 182188
p29_i26___, 162168 098112 279283 000000 156158 150164 162164
p29_i27___, 000000 112112 269283 000000 154158 148170 192194
p29_i28___, 168168 112124 268287 193193 156168 158158 164192
p29_i29___, 000000 112116 268283 193193 150156 146168 182182
p29_i30___, 162168 000000 277283 201201 154156 158164 174184
p29_i31___, 162170 120128 277283 195201 146160 148148 166170
p29_i32___, 162170 000000 269283 193195 156156 150164 162162
p29_i33___, 168170 098118 269283 193195 154156 146164 162162
p29_i34___, 162168 112122 269279 191191 156158 146156 182196
p29_i35___, 000000 118128 269283 197197 158172 150170 162180
p29_i36___, 164166 118127 279283 183195 156158 150150 162192
p29_i37___, 162164 112124 268281 179193 150156 158164 162182
pop
p30_i1____, 166168 098112 268279 179195 000000 000000 000000
p30_i2____, 166170 112112 283283 183197 154156 158174 182190
p30_i3____, 164164 112130 269269 193195 150154 158158 182194
p30_i4____, 166170 112112 269277 193197 154156 170170 182182
p30_i5____, 168168 116124 268287 183193 156168 146156 212216
p30_i6____, 168170 112124 268283 191195 158166 150162 164182
p30_i7____, 150166 120124 269285 193193 154170 156170 162162
p30_i8____, 162162 108118 268283 193195 156158 150156 190192
p30_i9____, 162166 112112 268269 179193 150174 146158 192194
